     0.000000000
     0.015707318
     0.031410761
     0.047106456
     0.062790520
     0.078459099
     0.094108321
     0.109734319
     0.125333250
     0.140901253
     0.156434461
     0.171929106
     0.187381327
     0.202787310
     0.218143269
     0.233445376
     0.248689920
     0.263873100
     0.278991163
     0.294040352
     0.309017062
     0.323917508
     0.338738054
     0.353475034
     0.368124783
     0.382683724
     0.397148281
     0.411514878
     0.425779939
     0.439940006
     0.453991532
     0.467931122
     0.481755316
     0.495460689
     0.509043932
     0.522501588
     0.535830438
     0.549027264
     0.562088728
     0.575011671
     0.587792873
     0.600429296
     0.612917840
     0.625255287
     0.637438893
     0.649465442
     0.661332190
     0.673036098
     0.684574425
     0.695944309
     0.707143068
     0.718167961
     0.729016304
     0.739685595
     0.750173151
     0.760476530
     0.770593286
     0.780520916
     0.790257215
     0.799799800
     0.809146464
     0.818295002
     0.827243328
     0.835989296
     0.844531059
     0.852866411
     0.860993683
     0.868910968
     0.876616538
     0.884108663
     0.891385734
     0.898446143
     0.905288458
     0.911911190
     0.918313026
     0.924492538
     0.930448711
     0.936180353
     0.941686213
     0.946965516
     0.952017128
     0.956840277
     0.961434305
     0.965798378
     0.969931841
     0.973834217
     0.977505147
     0.980943978
     0.984150708
     0.987124920
     0.989866555
     0.992375612
     0.994652092
     0.996696055
     0.998507857
     1.000087738
     1.001435995
     1.002553225
     1.003440022
     1.004096985
     1.004524827
     1.004724622
     1.004697084
     1.004443407
     1.003964663
     1.003262162
     1.002337217
     1.001191258
     0.999825954
     0.998242736
     0.996443510
     0.994430065
     0.992204547
     0.989768744
     0.987124801
     0.984275401
     0.981222689
     0.977969110
     0.974517405
     0.970870137
     0.967030346
     0.963000834
     0.958784759
     0.954385281
     0.949805677
     0.945049345
     0.940119863
     0.935020804
     0.929756284
     0.924329519
     0.918745160
     0.913007021
     0.907119811
     0.901087284
     0.894914150
     0.888605595
     0.882165551
     0.875599504
     0.868912339
     0.862109303
     0.855195403
     0.848176360
     0.841057539
     0.833844841
     0.826543808
     0.819160879
     0.811701596
     0.804172695
     0.796580315
     0.788931131
     0.781231582
     0.773488641
     0.765708983
     0.757900238
     0.750069320
     0.742223561
     0.734370530
     0.726518214
     0.718674064
     0.710846424
     0.703042865
     0.695272148
     0.687542617
     0.679863155
     0.672241807
     0.664688110
     0.657210827
     0.649819136
     0.642522812
     0.635331035
     0.628253341
     0.621299982
     0.614481091
     0.607806444
     0.601286173
     0.594931483
     0.588752866
     0.582760692
     0.576966763
     0.571381927
     0.566017032
     0.560884356
     0.555995226
     0.551361442
     0.546995282
     0.542908669
     0.539114475
     0.535624981
     0.532453179
     0.529611707
     0.527113557
     0.524972439
     0.523201466
     0.521815062
     0.520825386
     0.520248413
     0.520097256
     0.520386934
     0.521130800
     0.522345066
     0.524044037
