    0.000000    0.000000
    0.031416    0.000000
    0.062832    0.000000
    0.094248    0.000000
    0.125664    0.000000
    0.157080    0.000000
    0.188496    0.000000
    0.219912    0.000000
    0.251327   -0.000000
    0.282743   -0.000000
    0.314159   -0.000000
    0.345575   -0.000000
    0.376991   -0.000000
    0.408407   -0.000000
    0.439823   -0.000001
    0.471239   -0.000001
    0.502655   -0.000002
    0.534071   -0.000002
    0.565487   -0.000004
    0.596903   -0.000005
    0.628319   -0.000008
    0.659734   -0.000011
    0.691150   -0.000015
    0.722566   -0.000020
    0.753982   -0.000027
    0.785398   -0.000036
    0.816814   -0.000048
    0.848230   -0.000062
    0.879646   -0.000080
    0.911062   -0.000102
    0.942478   -0.000129
    0.973894   -0.000163
    1.005310   -0.000203
    1.036726   -0.000252
    1.068142   -0.000310
    1.099558   -0.000379
    1.130973   -0.000461
    1.162389   -0.000558
    1.193805   -0.000672
    1.225221   -0.000805
    1.256637   -0.000960
    1.288053   -0.001140
    1.319469   -0.001348
    1.350885   -0.001588
    1.382301   -0.001863
    1.413717   -0.002177
    1.445133   -0.002536
    1.476549   -0.002944
    1.507965   -0.003407
    1.539380   -0.003931
    1.570796   -0.004521
    1.602212   -0.005186
    1.633628   -0.005933
    1.665044   -0.006769
    1.696460   -0.007703
    1.727876   -0.008745
    1.759292   -0.009905
    1.790708   -0.011193
    1.822124   -0.012622
    1.853540   -0.014202
    1.884956   -0.015948
    1.916372   -0.017873
    1.947788   -0.019992
    1.979203   -0.022321
    2.010619   -0.024876
    2.042035   -0.027676
    2.073451   -0.030739
    2.104867   -0.034085
    2.136283   -0.037735
    2.167699   -0.041711
    2.199115   -0.046037
    2.230531   -0.050738
    2.261947   -0.055838
    2.293363   -0.061367
    2.324779   -0.067352
    2.356194   -0.073824
    2.387610   -0.080815
    2.419026   -0.088357
    2.450442   -0.096485
    2.481858   -0.105237
    2.513274   -0.114649
    2.544690   -0.124763
    2.576106   -0.135619
    2.607522   -0.147260
    2.638938   -0.159733
    2.670354   -0.173084
    2.701770   -0.187362
    2.733186   -0.202619
    2.764602   -0.218907
    2.796018   -0.236282
    2.827434   -0.254801
    2.858850   -0.274524
    2.890265   -0.295512
    2.921681   -0.317829
    2.953097   -0.341541
    2.984513   -0.366717
    3.015929   -0.393427
    3.047345   -0.421746
    3.078761   -0.451748
    3.110177   -0.483512
    3.141593   -0.517119
    3.173009   -0.552651
    3.204425   -0.590195
    3.235841   -0.629838
    3.267256   -0.671672
    3.298672   -0.715790
    3.330088   -0.762289
    3.361504   -0.811266
    3.392920   -0.862824
    3.424336   -0.917067
    3.455752   -0.974102
    3.487168   -1.034037
    3.518584   -1.096986
    3.550000   -1.163064
    3.581416   -1.232387
    3.612832   -1.305077
    3.644248   -1.381256
    3.675664   -1.461051
    3.707079   -1.544587
    3.738495   -1.631999
    3.769911   -1.723419
    3.801327   -1.818982
    3.832743   -1.918828
    3.864159   -2.023097
    3.895575   -2.131933
    3.926991   -2.245482
    3.958407   -2.363892
    3.989823   -2.487313
    4.021239   -2.615898
    4.052655   -2.749802
    4.084071   -2.889181
    4.115487   -3.034195
    4.146903   -3.185002
    4.178319   -3.341766
    4.209734   -3.504651
    4.241150   -3.673821
    4.272566   -3.849445
    4.303982   -4.031690
    4.335398   -4.220723
    4.366814   -4.416717
    4.398230   -4.619840
    4.429646   -4.830266
    4.461062   -5.048165
    4.492478   -5.273710
    4.523894   -5.507074
    4.555310   -5.748428
    4.586726   -5.997944
    4.618142   -6.255793
    4.649558   -6.522145
    4.680974   -6.797171
    4.712389   -7.081033
    4.743805   -7.373906
    4.775221   -7.675951
    4.806637   -7.987329
    4.838053   -8.308203
    4.869469   -8.638725
    4.900885   -8.979055
    4.932301   -9.329338
    4.963717   -9.689725
    4.995132  -10.060352
    5.026548  -10.441364
    5.057964  -10.832891
    5.089380  -11.235058
    5.120796  -11.647989
    5.152212  -12.071798
    5.183628  -12.506598
    5.215044  -12.952480
    5.246460  -13.409548
    5.277876  -13.877879
    5.309292  -14.357554
    5.340708  -14.848639
    5.372124  -15.351190
    5.403540  -15.865251
    5.434956  -16.390862
    5.466372  -16.928043
    5.497787  -17.476809
    5.529203  -18.037149
    5.560619  -18.609058
    5.592035  -19.192497
    5.623451  -19.787430
    5.654867  -20.393780
    5.686283  -21.011488
    5.717699  -21.640438
    5.749115  -22.280527
    5.780531  -22.931623
    5.811947  -23.593563
    5.843363  -24.266182
    5.874779  -24.949276
    5.906195  -25.642632
    5.937611  -26.345993
    5.969027  -27.059107
    6.000443  -27.781670
    6.031858  -28.513365
    6.063274  -29.253826
    6.094690  -30.002693
    6.126106  -30.759556
    6.157522  -31.523975
    6.188938  -32.295467
    6.220354  -33.073536
    6.251770  -33.857628
    6.283185  -34.647175
