     0.000000000     0.000000000
     0.031415928     0.031410761
     0.062831856     0.062790520
     0.094247788     0.094108321
     0.125663713     0.125333250
     0.157079637     0.156434461
     0.188495576     0.187381327
     0.219911501     0.218143269
     0.251327425     0.248689905
     0.282743365     0.278991133
     0.314159274     0.309017003
     0.345575213     0.338737935
     0.376991153     0.368124574
     0.408407062     0.397147894
     0.439823002     0.425779313
     0.471238911     0.453990519
     0.502654850     0.481753707
     0.534070790     0.509041488
     0.565486729     0.535826743
     0.596902609     0.562083364
     0.628318548     0.587785244
     0.659734488     0.612907112
     0.691150427     0.637424052
     0.722566366     0.661311924
     0.753982306     0.684547186
     0.785398185     0.707106769
     0.816814125     0.728968561
     0.848230064     0.750111103
     0.879646003     0.770513296
     0.911061943     0.790155053
     0.942477822     0.809017003
     0.973893762     0.827080607
     1.005309701     0.844327986
     1.036725640     0.860742092
     1.068141580     0.876306772
     1.099557519     0.891006649
     1.130973458     0.904827178
     1.162389398     0.917754829
     1.193805218     0.929776669
     1.225221157     0.940881014
     1.256637096     0.951056838
     1.288053036     0.960294068
     1.319468975     0.968583703
     1.350884914     0.975917518
     1.382300854     0.982288182
     1.413716793     0.987689435
     1.445132732     0.992116153
     1.476548672     0.995563745
     1.507964611     0.998028994
     1.539380431     0.999509454
     1.570796371     1.000003457
     1.602212310     0.999510944
     1.633628249     0.998032153
     1.665044188     0.995568693
     1.696460128     0.992123008
     1.727876067     0.987698376
     1.759292006     0.982299566
     1.790707946     0.975931525
     1.822123885     0.968601167
     1.853539705     0.960315406
     1.884955645     0.951082647
     1.916371584     0.940912068
     1.947787523     0.929813921
     1.979203463     0.917799175
     2.010619402     0.904880166
     2.042035341     0.891069233
     2.073451281     0.876380920
     2.104867220     0.860829353
     2.136283159     0.844430745
     2.167699099     0.827201188
     2.199115038     0.809158266
     2.230530977     0.790319920
     2.261946917     0.770705342
     2.293362856     0.750334501
     2.324778795     0.729228020
     2.356194496     0.707407296
     2.387610435     0.684894264
     2.419026375     0.661712527
     2.450442314     0.637885153
     2.481858253     0.613437116
     2.513274193     0.588393390
     2.544690132     0.562779725
     2.576106071     0.536623120
     2.607522011     0.509950399
     2.638937950     0.482789665
     2.670353889     0.455169201
     2.701769829     0.427118629
     2.733185768     0.398666978
     2.764601707     0.369845390
     2.796017647     0.340684295
     2.827433586     0.311215580
     2.858849525     0.281471223
     2.890265465     0.251483560
     2.921681404     0.221285939
     2.953097343     0.190912515
     2.984513283     0.160396963
     3.015929222     0.129774198
     3.047344923     0.099079773
     3.078760862     0.068349309
     3.110176802     0.037618734
     3.141592741     0.006925263
     3.173008680    -0.023693882
     3.204424620    -0.054201223
     3.235840559    -0.084558062
     3.267256498    -0.114725441
     3.298672438    -0.144664377
     3.330088377    -0.174334228
     3.361504316    -0.203695580
     3.392920256    -0.232706055
     3.424336195    -0.261325359
     3.455752134    -0.289510608
     3.487168074    -0.317219287
     3.518584013    -0.344405890
     3.549999952    -0.371028602
     3.581415892    -0.397043049
     3.612831831    -0.422399670
     3.644247770    -0.447054535
     3.675663710    -0.470960706
     3.707079411    -0.494067729
     3.738495350    -0.516328573
     3.769911289    -0.537690759
     3.801327229    -0.558104694
     3.832743168    -0.577516496
     3.864159107    -0.595873177
     3.895575047    -0.613117993
     3.926990986    -0.629196703
     3.958406925    -0.644049466
     3.989822865    -0.657618880
     4.021238804    -0.669840217
     4.052654743    -0.680655301
     4.084070683    -0.689994097
     4.115486622    -0.697793365
     4.146902561    -0.703980505
     4.178318501    -0.708487630
     4.209734440    -0.711241007
     4.241150379    -0.712159276
     4.272566319    -0.711171150
     4.303982258    -0.708187938
     4.335398197    -0.703126669
     4.366814137    -0.695899725
     4.398230076    -0.686418295
     4.429646015    -0.674580932
     4.461061954    -0.660292149
     4.492477894    -0.643447876
     4.523893833    -0.623940945
     4.555309772    -0.601659298
     4.586725712    -0.576488256
     4.618141651    -0.548301935
     4.649557590    -0.516974211
     4.680973530    -0.482375860
     4.712388992    -0.444365263
     4.743804932    -0.402800083
     4.775220871    -0.357528210
     4.806636810    -0.308387995
     4.838052750    -0.255220890
     4.869468689    -0.197849751
     4.900884628    -0.136098385
     4.932300568    -0.069772720
     4.963716507     0.001318932
     4.995132446     0.077387333
     5.026548386     0.158644199
     5.057964325     0.245314121
     5.089380264     0.337636948
     5.120796204     0.435863495
     5.152212143     0.540240765
     5.183628082     0.651043415
     5.215044022     0.768558025
     5.246459961     0.893072128
     5.277875900     1.024897575
     5.309291840     1.164357185
     5.340707779     1.311781883
     5.372123718     1.467530251
     5.403539658     1.631972313
     5.434955597     1.805483818
     5.466371536     1.988462448
     5.497787476     2.181337357
     5.529203415     2.384544373
     5.560619354     2.598532677
     5.592035294     2.823783875
     5.623451233     3.060792923
     5.654867172     3.310079575
     5.686283112     3.572181702
     5.717699051     3.847663879
     5.749114990     4.137115479
     5.780530930     4.441146851
     5.811946869     4.760395050
     5.843362808     5.095533371
     5.874778748     5.447238922
     5.906194687     5.816244125
     5.937610626     6.203300476
     5.969026566     6.609182358
     6.000442505     7.034706116
     6.031858444     7.480714798
     6.063273907     7.948093414
     6.094689846     8.437744141
     6.126105785     8.950637817
     6.157521725     9.487751007
     6.188937664    10.050121307
     6.220353603    10.638790131
     6.251769543    11.254894257
     6.283185482    11.899566650
